678
30
particle0 1.753981671624829630e+02 7.772089092106197938e+01 1.332045800993945761e+00 -5.330678346033841386e+00 8.000000000000000000e+00
particle1 2.120050675240279929e+02 3.566981650831368000e+01 -6.924129641708152150e+00 6.417553338817374886e+00 8.000000000000000000e+00
particle2 2.832065802187847225e+02 8.371851816932974089e+00 7.941149088876471751e+00 -1.259338579402169422e+00 8.000000000000000000e+00
particle3 2.097603856271244922e+02 8.423411801132509424e+01 4.868258061158280192e+00 4.424431696531093472e+00 8.000000000000000000e+00
particle4 5.841751106906945097e+02 1.165353833496263114e+01 4.812551954570031043e+00 -2.600526874607282934e-01 8.000000000000000000e+00
particle5 3.310682855032123371e+02 7.957272049382912371e+01 4.603344119918600263e+00 -1.300496621783614160e+01 8.000000000000000000e+00
particle6 5.244009982440808244e+02 9.033579623434727424e+00 1.728320757606221392e+00 4.594575841653297132e+00 8.000000000000000000e+00
particle7 2.381266110568714680e+02 1.293366145603120465e+01 8.901257707616149872e+00 -6.170192278197379920e+00 8.000000000000000000e+00
particle8 3.461544796784684195e+02 8.909539159057220559e+01 8.525405962158605355e-01 7.986521992245599819e-03 8.000000000000000000e+00
particle9 3.601573488041914288e+02 5.421253499404485154e+01 -2.523654804562556642e+00 -2.581108972360802500e+00 8.000000000000000000e+00
particle10 5.085258914108638919e+02 8.289065903142133607e+01 1.623200997594413053e+00 4.962756420807838076e+00 8.000000000000000000e+00
particle11 5.379953269939452412e+02 9.910317191369929901e+01 5.130958150879220803e+00 1.090157944998734862e+01 8.000000000000000000e+00
particle12 2.850992980961299850e+02 8.805889448974380684e+01 1.883139841983892060e+00 -1.641903333179017821e+00 8.000000000000000000e+00
particle13 6.102604204954961915e+02 1.026136593587725372e+02 -2.115438383273304801e+00 -5.525557417286584005e+00 8.000000000000000000e+00
particle14 2.693532504167401385e+02 9.329491153129804104e+01 -2.206609631634492974e+00 -1.752742464407528900e+00 8.000000000000000000e+00
particle15 3.059519956937091365e+02 2.712859243289776856e+01 -6.189656721887093482e-01 -6.531932564553091680e+00 8.000000000000000000e+00
particle16 1.035063269582924761e+02 1.743203227699673619e+01 4.354869816339028255e+00 -1.254105218284044199e+00 8.000000000000000000e+00
particle17 4.511980931700250608e+02 2.801783019985398937e+01 2.342098638292291035e+00 -7.968074410410528330e-01 8.000000000000000000e+00
particle18 2.390505569894881148e+02 7.164260461780105516e+01 7.208122321370533214e+00 -3.209034368815152916e-01 8.000000000000000000e+00
particle19 6.591244259065840652e+02 3.469121901489705095e+01 -8.878830512226389970e-01 -8.234617065438852634e+00 8.000000000000000000e+00
particle20 3.330960138234058832e+02 5.238486814056516039e+01 6.105712946166055310e-01 5.144762637289769458e+00 8.000000000000000000e+00
particle21 4.689194532394348585e+02 1.544122313468976984e+02 3.627918672474780948e+00 -6.219437930435457673e+00 8.000000000000000000e+00
particle22 3.518376369098590430e+02 2.668082665833562572e+01 -7.523340760324966681e+00 -3.220516698344675799e+00 8.000000000000000000e+00
particle23 5.284461547280398008e+02 2.726526317109717112e+01 -3.846954862658482188e+00 -4.783763714582883964e+00 8.000000000000000000e+00
particle24 1.902483810582749868e+02 4.666140249687556008e+01 5.854358371559592378e+00 6.280049057114078792e-01 8.000000000000000000e+00
particle25 5.092626506882673425e+02 4.504105741083139947e+01 -2.602173206819170304e+00 -5.284206152150741964e+00 8.000000000000000000e+00
particle26 5.873536351362804453e+02 2.005335263454072674e+02 3.961182331655285882e+00 -3.969011948222303410e+00 8.000000000000000000e+00
particle27 1.720746821413363250e+02 9.788159520411578285e+01 1.636226173653883231e+00 -5.464279796320171023e+00 8.000000000000000000e+00
particle28 4.281542339649552105e+02 7.127456148161273575e+01 -1.429887119528117090e+00 6.197169047787918217e+00 8.000000000000000000e+00
particle29 1.417270461085580564e+02 3.161425468989428111e+01 1.047314871134971170e+01 -7.863003645015833598e+00 8.000000000000000000e+00
particle30 4.904027296512134058e+02 4.102276226093272982e+01 4.227202761856200475e+00 6.032713090314725690e+00 8.000000000000000000e+00
particle31 1.336174736085620793e+02 5.271746750171094931e+01 5.448321083703701717e+00 -4.250198878952688553e+00 8.000000000000000000e+00
particle32 4.447516342860605505e+02 1.059192802669552869e+01 2.963253135678221017e+00 -6.382519344963243135e+00 8.000000000000000000e+00
particle33 1.176904361719778365e+02 4.108551325519646724e+01 5.635004141902696162e+00 2.128372018966318002e+00 8.000000000000000000e+00
particle34 4.934773567479109033e+02 9.058878348939795444e+01 8.601500933394433446e+00 -5.398476932391243821e+00 8.000000000000000000e+00
particle35 2.209416079102502977e+02 1.529599743623415691e+02 -1.169661002013913764e+00 2.945828179310883144e-01 8.000000000000000000e+00
particle36 6.041598649289451259e+02 4.678780828067286279e+01 -1.972223359974663026e-01 -1.829716487896290289e+01 8.000000000000000000e+00
particle37 3.634195774652511091e+02 8.309382880633793889e+01 8.228779353304775945e-01 2.198574879124308712e+00 8.000000000000000000e+00
particle38 9.608350203285611713e+01 5.535600924478634255e+01 6.308181054972500368e-02 -1.614865432969917691e+00 8.000000000000000000e+00
particle39 4.501155901402386235e+02 1.843267518929730784e+02 -5.286108628997559400e+00 8.024702656040696880e+00 8.000000000000000000e+00
particle40 5.022369739392652264e+02 1.741745163537739529e+02 8.961103977283979560e-01 -8.918036252476193582e-01 8.000000000000000000e+00
particle41 4.150858336264017794e+02 3.496072740972025628e+01 3.014366742229730001e+00 -4.629344291077163831e+00 8.000000000000000000e+00
particle42 4.021020770917900222e+02 5.751253483484443763e+01 -7.087894031822778551e+00 1.097502019166348219e+01 8.000000000000000000e+00
particle43 6.418542521839922301e+02 4.912431031595382791e+01 -2.937363078788093773e+00 4.139390037007908418e+00 8.000000000000000000e+00
particle44 4.623914088779133067e+02 7.222846695583864118e+01 4.153636692291369226e-01 -6.800932747040100423e+00 8.000000000000000000e+00
particle45 4.104807064194469035e+02 8.043940282957626664e+01 3.737362332848891966e-01 2.304246455724665132e+00 8.000000000000000000e+00
particle46 1.171546432405146021e+02 6.867052995653537550e+01 -6.726133434450851212e+00 3.399932066535290787e+00 8.000000000000000000e+00
particle47 6.268262482305566436e+02 9.042031194263664418e+01 2.671683303150519939e-01 -1.581392549440750805e+00 8.000000000000000000e+00
particle48 1.111558783910234069e+02 1.098102031723202430e+02 7.735807336694388248e+00 -1.226448028920393440e+01 8.000000000000000000e+00
particle49 4.443876114212623065e+02 5.809018807055283418e+01 -6.445069064553117677e+00 4.335422137031166301e+00 8.000000000000000000e+00
particle50 6.318157403944588850e+02 2.331360871140397961e+01 3.799380340316297566e+00 8.553050538052344720e-01 8.000000000000000000e+00
particle51 2.695475645879364492e+02 3.755099085508158652e+01 4.183499952525346899e+00 5.880118728104636538e+00 8.000000000000000000e+00
particle52 2.813213774360242496e+02 6.052556211686152210e+01 7.440713978692762964e+00 -2.554288230185460584e+00 8.000000000000000000e+00
particle53 4.488085149366305586e+02 1.623170733676610098e+02 5.092738609087382073e+00 -1.470522942838492053e+00 8.000000000000000000e+00
particle54 6.119427598701353190e+02 7.532198926327654931e+01 5.636997998983908076e+00 7.441156943120406098e-01 8.000000000000000000e+00
particle55 7.299194685612545186e+01 1.227453384259244871e+02 -3.876725233559016104e+00 1.882113845680524866e+00 8.000000000000000000e+00
particle56 3.797975234117071750e+02 8.963127967006835206e+01 -1.794180890589850197e+00 -2.798948169047403844e-01 8.000000000000000000e+00
particle57 1.835281646060977323e+02 3.137965748718962544e+01 1.923865761961755183e+00 -8.091708111379642077e+00 8.000000000000000000e+00
particle58 5.439357621142318067e+02 1.695894221969722935e+02 9.664521295214933971e-01 -7.641368838846593903e+00 8.000000000000000000e+00
particle59 2.818423767364569130e+02 1.995218194033600696e+02 -1.991671277512012894e+00 -2.053415507877346613e+00 8.000000000000000000e+00
particle60 1.567482999198570610e+02 4.179339598596192928e+01 -6.371465691061567682e+00 1.935833413669250325e+00 8.000000000000000000e+00
particle61 3.476064725571602594e+02 1.069043063009568044e+02 -1.248395406080019754e+00 -5.592322752643015704e+00 8.000000000000000000e+00
particle62 2.733834200650443904e+02 1.129095277858263415e+02 5.736462594511745117e+00 1.815728998786612758e+00 8.000000000000000000e+00
particle63 5.903589030120589314e+02 1.510315882036481696e+02 -1.856156135397972085e+00 -4.733109868307026069e+00 8.000000000000000000e+00
particle64 4.121241656969315841e+02 1.221815215040524976e+02 -1.334782685591635598e+00 1.036687920096731119e+01 8.000000000000000000e+00
particle65 5.821067126824451634e+02 1.831741471731202466e+02 3.123418570163484453e+00 -2.312308844151203413e+00 8.000000000000000000e+00
particle66 9.579251425314568280e+01 1.213058072898448216e+02 3.473057108118628999e+00 -7.845945308679144858e+00 8.000000000000000000e+00
particle67 4.748478262603267126e+02 8.966387755788332470e+01 5.437742399283075123e+00 -2.231086081798911991e-01 8.000000000000000000e+00
particle68 2.395554230933715587e+02 1.224416784886174412e+02 8.936173418916547817e+00 1.806333221734152950e-01 8.000000000000000000e+00
particle69 1.669948095383635689e+02 1.588460582061700279e+02 2.854160439253206061e+00 -1.603274420829313707e+00 8.000000000000000000e+00
particle70 3.366915135604436955e+02 1.944081967970755045e+02 4.660935131799080366e+00 -2.554718631334153667e+00 8.000000000000000000e+00
particle71 5.813010803477991431e+02 1.297341386938507526e+02 4.322348715196833169e-01 9.505928749269729749e-01 8.000000000000000000e+00
particle72 6.331687291197436025e+02 2.261033498594804882e+02 6.358860916946467157e-01 -4.202108638160684251e+00 8.000000000000000000e+00
particle73 5.983750089361273012e+02 2.041528069730245676e+01 3.996867854902694361e+00 1.285674407714440370e+01 8.000000000000000000e+00
particle74 5.010560362695387937e+01 7.316884418291321879e+01 2.487494458744894110e-01 7.645957031643773050e+00 8.000000000000000000e+00
particle75 5.151239367007510737e+02 1.498095872848317356e+02 -1.704784218111248473e+00 8.851585451749750533e-01 8.000000000000000000e+00
particle76 6.491923132821982563e+02 1.929506213888176944e+02 5.800889786691492134e+00 -3.735683818206665840e+00 8.000000000000000000e+00
particle77 2.550533772877644765e+02 1.396929809080371285e+02 -1.271130784123639890e+00 -5.145683687374098092e+00 8.000000000000000000e+00
particle78 3.383071654950401239e+02 2.340318579287602461e+02 4.709355446207847962e-01 -4.895967701321247034e+00 8.000000000000000000e+00
particle79 2.135113587950208398e+02 1.349222651932539918e+02 8.793546695478619668e+00 -1.153454633793513651e+00 8.000000000000000000e+00
particle80 2.091835440811468914e+02 2.408478357147156430e+02 6.781499267923420504e+00 -4.946691011778618474e+00 8.000000000000000000e+00
particle81 2.160515199762011207e+02 1.106672259383164629e+02 -3.664028253672184210e+00 -4.435590517478005701e+00 8.000000000000000000e+00
particle82 3.656600790036027320e+02 1.468858577510079897e+02 5.321009518789061588e+00 -2.550651243474612251e+00 8.000000000000000000e+00
particle83 6.542596804561709405e+02 1.156652908373716855e+02 1.192765830105085634e+00 2.442255955661696731e+00 8.000000000000000000e+00
particle84 5.810372888858989882e+02 1.666743291871653696e+02 4.231111517136448619e+00 -2.740231815001779481e+00 8.000000000000000000e+00
particle85 3.623439749997334758e+01 1.539220398663901506e+02 -5.982867814319239308e+00 5.250843416776555195e+00 8.000000000000000000e+00
particle86 7.801967761808735702e+01 1.751429176504364307e+02 -6.869941390715844420e+00 6.385945762157847483e-01 8.000000000000000000e+00
particle87 5.766300332014053538e+02 9.039625778721531901e+01 2.775095529720225773e+00 5.301177704687168202e+00 8.000000000000000000e+00
particle88 1.570914409391945696e+02 6.037006670841644507e+01 1.930388208359395508e+00 1.700733161406481564e+00 8.000000000000000000e+00
particle89 2.351500635768093730e+02 2.037593332825882442e+02 2.354799932513724769e+00 6.827378728045303546e-01 8.000000000000000000e+00
particle90 4.356500658066930214e+02 1.342197459475397636e+02 -4.226831422208051414e+00 3.105262153559861016e+00 8.000000000000000000e+00
particle91 6.170184969383744544e+01 1.613025263505562066e+02 2.933611770013828668e+00 -1.071707128388160291e+00 8.000000000000000000e+00
particle92 2.716149751889080335e+02 1.573671852623305938e+02 3.983908765845041611e+00 -3.114890336506814794e+00 8.000000000000000000e+00
particle93 4.874143433576447819e+02 2.200665527743373673e+02 2.910745156717584603e+00 -3.378364916969905263e+00 8.000000000000000000e+00
particle94 4.183702258005736780e+02 1.638272433187880139e+01 9.843521944935545775e+00 -1.037290898120666327e+00 8.000000000000000000e+00
particle95 1.320487062218098231e+02 1.090236492377428448e+02 5.012815981089623563e+00 -5.653171606360529289e+00 8.000000000000000000e+00
particle96 1.323823941654382281e+02 1.850082540088313010e+02 3.901184887070039853e+00 -7.174907044756552388e+00 8.000000000000000000e+00
particle97 6.650320463646158942e+01 6.119847417577776127e+01 1.679905937863605647e+00 -4.222805970590865599e+00 8.000000000000000000e+00
particle98 2.384887352232038324e+02 1.672459022626574665e+02 -1.457690437588724075e+00 5.087964593582546824e-01 8.000000000000000000e+00
particle99 5.612008126509354042e+02 1.978910736067333005e+02 8.816748027597800075e+00 -2.351430490020171238e+00 8.000000000000000000e+00
particle100 4.694949304826491812e+02 2.546037716407119547e+02 -5.443068484297734599e+00 -9.574341693843599899e+00 8.000000000000000000e+00
particle101 5.547454719161935373e+02 1.529483860003091706e+02 -5.404892274948666753e+00 2.773579965696713057e+00 8.000000000000000000e+00
particle102 4.367909159502955845e+02 1.752630483312059368e+02 4.627090835576210814e-01 8.167559870534821798e-01 8.000000000000000000e+00
particle103 4.754857868045131113e+02 2.381561126505656887e+02 -1.208910260219072086e+01 -5.877306999656338959e+00 8.000000000000000000e+00
particle104 1.779523580655614978e+01 5.034478032430426708e+01 -1.115051766675552081e+01 -6.297595244991549102e+00 8.000000000000000000e+00
particle105 1.617125305089460596e+02 2.635906722280737995e+02 6.416850019319252141e+00 7.579756829465971180e-01 8.000000000000000000e+00
particle106 3.507776029392099986e+02 1.790700646055318259e+02 -4.526694271525605884e-01 -7.992648036580343174e+00 8.000000000000000000e+00
particle107 6.041109672821106642e+02 1.734362575258052175e+02 8.748630429191304181e-01 -2.849521016088684355e+00 8.000000000000000000e+00
particle108 1.700770334576054097e+02 2.022083508253084005e+02 8.472656334095075792e+00 -6.687081562225771769e+00 8.000000000000000000e+00
particle109 3.610442075018513606e+02 2.330513227479171974e+02 -6.695697105295380425e+00 -2.690412258250930222e+00 8.000000000000000000e+00
particle110 3.776001811777899775e+02 2.149140374410270340e+02 -1.097982882055967002e-01 -2.215938653639808908e+00 8.000000000000000000e+00
particle111 4.743106033659590821e+02 1.185478734909401766e+02 -8.727617967752143713e+00 3.299568194865992954e+00 8.000000000000000000e+00
particle112 4.812309656520973249e+02 1.915989720250312871e+02 1.849834296846776915e+00 -7.592004210735931125e+00 8.000000000000000000e+00
particle113 1.472485363133389171e+02 9.116404004709976050e+01 3.170508215210805059e+00 3.679907571362968088e+00 8.000000000000000000e+00
particle114 6.498957133751421225e+02 2.731375552878093345e+02 -5.806366160725146663e+00 4.268361382302904516e+00 8.000000000000000000e+00
particle115 5.919947841973947789e+02 2.203778310823728930e+02 1.792922257124534013e+00 -3.700670555201754031e+00 8.000000000000000000e+00
particle116 2.307010523304860072e+01 6.580030597239182555e+01 -4.219318381752630742e+00 6.433323027012349371e+00 8.000000000000000000e+00
particle117 3.167247979104831757e+02 2.261073827854832814e+02 -1.552972298739089041e+00 4.795313715118229680e+00 8.000000000000000000e+00
particle118 2.632487067648509083e+02 2.497672481897712089e+02 -7.185768016265905445e-01 -4.043466814067683046e+00 8.000000000000000000e+00
particle119 2.286301153548180025e+02 2.472819543470303074e+02 1.022328744623019370e+00 -1.870462117267984503e+00 8.000000000000000000e+00
particle120 3.894064221413122482e+02 1.359594465955539988e+02 -1.888042812980942897e-01 1.089590695220503225e+00 8.000000000000000000e+00
particle121 5.243059569152039785e+02 2.346363610259743950e+02 -5.444796739196744451e-01 -2.326154305209805706e+00 8.000000000000000000e+00
particle122 3.838422516277108798e+02 1.874910060133555021e+02 -1.935767912427106108e+00 -2.569080381489757148e+00 8.000000000000000000e+00
particle123 6.575370283170011589e+02 2.080305712980064072e+02 4.147708526615455860e+00 -5.476141208537010030e+00 8.000000000000000000e+00
particle124 5.684655382236910555e+02 2.456107888481529073e+02 3.430094274881819061e+00 -2.697037831112627515e+00 8.000000000000000000e+00
particle125 8.132004664182917963e+01 9.210056950568410628e+01 1.019688427375555229e+01 1.153762950970994794e+00 8.000000000000000000e+00
particle126 1.223550066375476604e+02 2.500524792095456519e+02 -3.523469792797820688e+00 -5.104850388954085716e+00 8.000000000000000000e+00
particle127 2.017231626890759912e+02 2.645507744558785248e+02 -4.205525201912680089e+00 -1.583305902716045210e+00 8.000000000000000000e+00
particle128 3.825971634294965042e+02 2.442577176528162397e+02 -3.102198579641144427e+00 -5.134143022744099838e+00 8.000000000000000000e+00
particle129 4.570502265108825100e+02 2.125129900317622855e+02 -6.373001809693988662e+00 -2.560849791436083933e+00 8.000000000000000000e+00
particle130 1.492798505110468454e+02 2.404443700541642670e+02 -1.937886503785796855e+00 -5.702237451332194951e-01 8.000000000000000000e+00
particle131 9.631943615314739304e+01 2.288208279791745667e+02 -2.951627947598943535e+00 -2.389836530384729318e+00 8.000000000000000000e+00
particle132 5.201291375223188425e+02 2.634730669603334832e+02 2.343951526920145412e+00 -1.433324718214204374e+00 8.000000000000000000e+00
particle133 4.291150843513119071e+02 1.552044657739915863e+02 -2.398536763900292801e+00 -5.493506435540237653e+00 8.000000000000000000e+00
particle134 6.387519155875422712e+02 1.709414759963048027e+02 6.300299266962518629e+00 3.565330779796422878e+00 8.000000000000000000e+00
particle135 2.752295698863080133e+02 2.788725377614062495e+02 6.815818096965035267e+00 -9.040928959021803379e+00 8.000000000000000000e+00
particle136 6.371421632800606858e+02 2.577381019505526183e+02 4.821153260147613473e+00 -7.491263036824567401e+00 8.000000000000000000e+00
particle137 5.748966068574064820e+02 3.431424862816934365e+02 -5.354461533843185350e+00 -7.996312600986591690e+00 8.000000000000000000e+00
particle138 3.645055343433502770e+01 1.002394072144371933e+02 -9.875524568181543117e+00 4.484336290327570751e+00 8.000000000000000000e+00
particle139 3.057425926172898016e+02 1.893904118070361164e+02 -1.860250829878220991e+00 -7.587161458329525487e-01 8.000000000000000000e+00
particle140 4.220466450771979794e+01 2.041702712031078306e+02 6.613438838372753814e-01 -4.203430793926793640e+00 8.000000000000000000e+00
particle141 3.789275892732305238e+02 1.608693314303529007e+02 1.839664354397537283e+00 -9.226741601270164184e-01 8.000000000000000000e+00
particle142 3.084631225844038340e+02 2.932913370937304194e+02 5.556243657141886949e+00 -8.576174582322124706e-01 8.000000000000000000e+00
particle143 4.254486637258880819e+02 3.974018519327574950e+02 -4.480171126744958876e+00 -5.089943545280625870e+00 8.000000000000000000e+00
particle144 6.633092556815803391e+02 3.170872078701530654e+02 -1.289952488060196245e+00 -4.255041050740945074e+00 8.000000000000000000e+00
particle145 2.998604221487731820e+02 9.701638215773411389e+01 2.476879224442814387e+00 6.665543830412369530e+00 8.000000000000000000e+00
particle146 2.497632552030631530e+02 2.690255428025471360e+02 -1.985453538577086896e-01 -1.678063707733438603e+00 8.000000000000000000e+00
particle147 4.339554139184658652e+02 2.094555025848724483e+02 7.092415587277251632e+00 -5.925380016960579255e+00 8.000000000000000000e+00
particle148 3.648104233316503269e+02 1.867757720667829631e+02 -2.414651886394730135e-02 7.499768949167990861e-01 8.000000000000000000e+00
particle149 6.639487394838287173e+02 1.587936722734190482e+02 5.451106049346431170e+00 2.397151588305246772e+00 8.000000000000000000e+00
particle150 3.107629312660316145e+02 2.060033776881421943e+02 1.004966028091619279e+00 2.871030229514732746e+00 8.000000000000000000e+00
particle151 1.465677644202482668e+02 2.029729774648026819e+02 -1.901600698964911240e+00 2.792082203407873831e+00 8.000000000000000000e+00
particle152 5.687754811551802732e+02 2.858068628437065399e+02 -6.203862486086459072e+00 1.141530667478217520e+00 8.000000000000000000e+00
particle153 5.339762802092352558e+02 2.871402007491852828e+02 -2.579669801292076681e+00 1.266643691439087061e+00 8.000000000000000000e+00
particle154 1.535919830873338299e+02 1.794324186411485016e+02 -2.678477128835684340e+00 2.383872858452482202e+00 8.000000000000000000e+00
particle155 4.028475179673390016e+02 1.852997226933985928e+02 2.396857717477764105e+00 3.258743742493069639e+00 8.000000000000000000e+00
particle156 3.909889990520072161e+02 3.113252992270269033e+02 -7.826963587425446178e-01 7.184158172252592678e-01 8.000000000000000000e+00
particle157 5.432272248888425565e+02 2.687147981805155723e+02 -8.837435231548361969e+00 -5.818497397926716275e+00 8.000000000000000000e+00
particle158 6.183744930748310935e+02 3.533812842822574680e+02 1.017949217468811085e+01 -7.441064378378558608e+00 8.000000000000000000e+00
particle159 1.285637738079570909e+02 1.404756986335088413e+02 2.744550579279761315e+00 -1.066702359319920035e+01 8.000000000000000000e+00
particle160 5.030905515107697283e+02 2.453214383940284335e+02 -2.566457666529238679e+00 -7.881155502811450220e-02 8.000000000000000000e+00
particle161 4.503917719093731762e+02 2.505753916349139558e+02 9.847524654663217802e-01 5.499207084345476559e+00 8.000000000000000000e+00
particle162 6.522868768258465479e+02 2.410033252767261729e+02 5.965908161882477856e+00 6.848333622451566072e+00 8.000000000000000000e+00
particle163 2.365000201633648089e+02 2.802924043493508179e+02 4.128258454873610095e-01 2.147840211376705888e-01 8.000000000000000000e+00
particle164 5.338592557851401352e+02 1.924501318095848887e+02 5.017122596829175052e+00 -9.247344644501007238e+00 8.000000000000000000e+00
particle165 7.079563310287099398e+01 2.495153021709469101e+02 -1.371979923554974778e+00 -3.296155474585765077e+00 8.000000000000000000e+00
particle166 1.964963867178394423e+02 2.259404449033890501e+02 -1.118710388464009942e+00 -7.326836692528133632e-01 8.000000000000000000e+00
particle167 3.686398516495090121e+02 3.413524767154896153e+02 -4.125673904555329230e+00 -9.187496952533508177e-01 8.000000000000000000e+00
particle168 5.960279425612642399e+02 2.448952606966077497e+02 3.592032739075716741e-01 4.117335248775492396e+00 8.000000000000000000e+00
particle169 1.120441792713780984e+02 2.646006670532740941e+02 3.556009497877221204e+00 3.051182925822851111e+00 8.000000000000000000e+00
particle170 4.365232928435124791e+02 2.256374989776479936e+02 -4.750877804940111915e+00 4.705378519237401136e+00 8.000000000000000000e+00
particle171 5.053133467904576150e+02 2.702669597433931017e+02 2.863811050672135927e+00 2.226035935515572994e+00 8.000000000000000000e+00
particle172 5.511493968296489356e+02 3.390201145756126948e+02 2.415688661587042319e+00 1.564682757477770636e+00 8.000000000000000000e+00
particle173 5.377730984231297953e+02 3.974393128326423721e+02 -6.257460845799828419e+00 8.151356412333738533e+00 8.000000000000000000e+00
particle174 4.392472082955500241e+02 2.720313241698530646e+02 3.511541399546493913e+00 -7.863784824065933599e+00 8.000000000000000000e+00
particle175 3.966846853757123768e+02 2.048037685823707079e+02 1.036599230323892051e+01 1.179261769813672167e+01 8.000000000000000000e+00
particle176 3.264244164573267994e+02 2.481857752038669958e+02 3.820132661385670314e+00 -4.119125410586882197e+00 8.000000000000000000e+00
particle177 4.070313121186654826e+02 2.749286981040585829e+02 -1.177300177383784785e+00 -3.767259266926841654e+00 8.000000000000000000e+00
particle178 4.369410495031260098e+02 3.452470574473635452e+02 5.324831809305800689e+00 -3.291397307117138737e+00 8.000000000000000000e+00
particle179 1.230712228270448882e+01 1.115621066427768397e+02 9.797605620415602345e+00 -2.803803898193450550e+00 8.000000000000000000e+00
particle180 1.866291925268887724e+02 3.130197152122709099e+02 7.007778311669602189e+00 3.108030947006496625e+00 8.000000000000000000e+00
particle181 3.282796357092052517e+02 3.476190191396192404e+02 2.396110085931281830e+00 -4.752202594027642668e+00 8.000000000000000000e+00
particle182 4.565914509142065754e+02 4.245642705251912616e+02 -6.312451925611589409e+00 -1.022420036088931994e+01 8.000000000000000000e+00
particle183 4.179466255275161046e+01 2.976688856931137366e+02 2.860491210651240124e+00 -6.081921648820605153e-01 8.000000000000000000e+00
particle184 6.168282410185591971e+02 3.156455095853072521e+02 6.713010432960142992e+00 -2.145303636588737017e+00 8.000000000000000000e+00
particle185 2.888954381185121179e+02 2.608197836643435039e+02 -1.247801499034224326e+00 2.226212867188202438e+00 8.000000000000000000e+00
particle186 4.618564272801449277e+01 1.824722887716792741e+02 3.432833679324131193e+00 2.380506084825505297e+00 8.000000000000000000e+00
particle187 5.031834128699868529e+02 3.732853124348786764e+02 2.874647737429218530e+00 -3.160660176427235513e+00 8.000000000000000000e+00
particle188 4.553806047875370950e+02 2.787334751486051232e+02 -3.334547194818668459e+00 3.254219904876594960e+00 8.000000000000000000e+00
particle189 2.038094876689424666e+02 3.132580785645565129e+02 3.787284188815424724e+00 -5.941511675375714674e-01 8.000000000000000000e+00
particle190 1.375396296171213528e+01 1.749444292212927792e+02 8.387669191623182030e+00 8.958134985414982765e+00 8.000000000000000000e+00
particle191 2.883021239552485326e+02 3.148962581391710387e+02 -4.161712944346925624e+00 -5.827287246932748133e+00 8.000000000000000000e+00
particle192 4.034964401761825457e+02 3.972378230138119761e+02 7.477625133532572743e-01 -1.237498254597398706e+00 8.000000000000000000e+00
particle193 2.603729021707299012e+02 2.274053083772281241e+02 4.324955438854303225e+00 -2.620987201003747380e+00 8.000000000000000000e+00
particle194 1.095520155994479516e+01 3.547145325576250912e+02 2.140509713047009654e+00 3.957376600159804969e+00 8.000000000000000000e+00
particle195 6.663417807899113541e+02 2.922158467157378254e+02 -7.559614732807460769e+00 -7.472917931452954576e+00 8.000000000000000000e+00
particle196 6.421023357312724329e+02 3.065724649282065002e+02 9.088709657331115466e-01 -7.120071771140943362e+00 8.000000000000000000e+00
particle197 4.210920754596702409e+01 3.138341875352916190e+02 3.535778514628061142e+00 -1.726814789081983825e+00 8.000000000000000000e+00
particle198 1.047170754537519173e+02 2.926939933842340906e+02 3.203157884210527939e+00 2.440908700921419427e+00 8.000000000000000000e+00
particle199 4.988871712897341695e+02 2.969872593124567857e+02 -2.327890132469416784e+00 2.359908886965677688e+00 8.000000000000000000e+00
particle200 2.022699550231702119e+02 3.317443479314204069e+02 -2.635908018028740862e-01 -7.276048307867712950e-01 8.000000000000000000e+00
particle201 3.072853518532966746e+02 3.147297674355938284e+02 -4.743372245321886282e+00 4.574286384491617952e+00 8.000000000000000000e+00
particle202 2.996145948375390944e+01 2.822247064000820274e+02 6.636154186851456416e+00 -4.894064801206251758e+00 8.000000000000000000e+00
particle203 3.666090302925368860e+02 3.647348110060506201e+02 1.298299637492840830e+00 1.357123543948620892e+00 8.000000000000000000e+00
particle204 6.687939512217134279e+02 2.692427013128868225e+02 -9.805216358080651728e-01 -5.965246259279100016e+00 8.000000000000000000e+00
particle205 4.392518755835012030e+02 3.253808088192349146e+02 1.222942992243598370e+00 -1.830699941910825190e+00 8.000000000000000000e+00
particle206 1.438519757277616407e+02 2.628790459066040057e+02 -8.912327393082766225e-01 2.392533013907506056e+00 8.000000000000000000e+00
particle207 6.496908408375535373e+02 4.177193930044472268e+02 5.508724157121251963e+00 5.708631496700172114e+00 8.000000000000000000e+00
particle208 7.754166577662836346e+01 5.523796329567661587e+02 -9.758683377053339880e-01 -2.152030854661153292e+00 8.000000000000000000e+00
particle209 1.997493460490484836e+02 2.849796299270751092e+02 -2.734236201174012670e+00 1.688738642990952110e+00 8.000000000000000000e+00
particle210 3.721438875322800186e+02 3.217884827501367226e+02 8.170796045209726799e+00 -9.255080520370303487e-01 8.000000000000000000e+00
particle211 1.220719520728502800e+02 3.030863521918740844e+02 3.126019464332362663e+00 -2.626149725140968783e-01 8.000000000000000000e+00
particle212 5.210971817958982228e+02 3.574900988794968271e+02 -1.140560100717233682e+00 -2.781801138203001678e+00 8.000000000000000000e+00
particle213 3.614379667815918395e+01 2.475041297416565271e+02 -1.180814362851981159e+00 -1.335243721511663040e-01 8.000000000000000000e+00
particle214 9.784444263029232047e+01 3.572842542778196844e+02 -1.799218564695219236e+00 -2.400979636020834196e+00 8.000000000000000000e+00
particle215 1.741379594624700360e+02 3.397260684938171380e+02 6.646898705394667317e+00 -2.785236257598608045e+00 8.000000000000000000e+00
particle216 3.233132956297080796e+02 3.744406654331472737e+02 2.083917253796805091e-01 -1.781982254280251698e+00 8.000000000000000000e+00
particle217 1.329617184719502632e+02 2.783703672176627038e+02 -7.468513599325120322e-02 3.389379013492435089e-01 8.000000000000000000e+00
particle218 1.372432717892043286e+02 3.276498648050859401e+02 -1.106698646825548416e+00 -2.940741190933556126e+00 8.000000000000000000e+00
particle219 5.421597137013739029e+02 3.621069199369923126e+02 1.277196643854924041e+01 -8.935688143502684255e+00 8.000000000000000000e+00
particle220 2.480920122584782064e+02 3.810024097762299107e+02 1.982097913209872830e+00 -1.814923158947367998e+00 8.000000000000000000e+00
particle221 6.247858021315863652e+01 3.516495198599255332e+02 2.973209632558798443e+00 -2.175898431669872402e+00 8.000000000000000000e+00
particle222 1.534429504238245556e+02 3.350528039384747103e+02 1.917278792594929504e+00 -7.126116956161546057e+00 8.000000000000000000e+00
particle223 2.805066715905169161e+01 4.539513813153369028e+02 4.409849408317366937e+00 -3.718215577573380948e+00 8.000000000000000000e+00
particle224 2.676592604053536775e+02 3.668775508198301054e+02 -3.114375751366902811e+00 -5.550053734423350704e+00 8.000000000000000000e+00
particle225 1.365051746229816558e+02 3.627790858246142989e+02 4.786519322283795397e+00 -1.191728191170599693e+00 8.000000000000000000e+00
particle226 1.351936307455067094e+02 4.871112040360815172e+02 2.110979354181390821e+00 6.162550586377641082e+00 8.000000000000000000e+00
particle227 6.270553727675240907e+02 3.377931123053384113e+02 1.034874247333649144e+01 7.232319001357707222e+00 8.000000000000000000e+00
particle228 4.307942210741872202e+01 3.350440788980159823e+02 1.446230538985933567e+00 1.390232791195077588e+00 8.000000000000000000e+00
particle229 4.045731516499648706e+02 3.398800530581327735e+02 -8.872556006269434192e-01 -5.487036922316502086e+00 8.000000000000000000e+00
particle230 3.765209711675949222e+01 4.690818045312737468e+02 1.195577420852998785e+00 1.978099747823794496e+00 8.000000000000000000e+00
particle231 3.828749781821380793e+02 2.622800031243112926e+02 6.448123571323245429e+00 -9.818345148261578004e-01 8.000000000000000000e+00
particle232 5.977715030878166544e+02 2.879798621490526216e+02 -2.723484047466980584e+00 1.007349720959314077e+01 8.000000000000000000e+00
particle233 2.042609259481597661e+01 3.372402643453330597e+02 3.206400420963161135e+00 1.140352715338320611e+00 8.000000000000000000e+00
particle234 1.636253610068659441e+02 4.357398841224247121e+02 2.067350142096893606e+00 5.467874872344682391e-01 8.000000000000000000e+00
particle235 4.122422446759809986e+02 4.525731836642910935e+02 -2.835858000173814730e+00 -7.163820117441277446e-01 8.000000000000000000e+00
particle236 1.178173123814575831e+02 3.258307563939944203e+02 3.458780653458616072e+00 2.426453345705839038e+00 8.000000000000000000e+00
particle237 3.742935590195134665e+01 5.561142441311104676e+02 -1.623557099513994473e+01 1.644379096738693136e+01 8.000000000000000000e+00
particle238 6.005274447860908822e+02 3.453640230074834108e+02 1.689376443796508198e+00 -6.947672845175692835e+00 8.000000000000000000e+00
particle239 1.747339701723450105e+02 3.777172387492882990e+02 1.482947644747034111e-01 3.037176736250887910e+00 8.000000000000000000e+00
particle240 1.927781961060166509e+02 4.355748783415425009e+02 -1.016211591540480352e+00 -2.705174111632598688e+00 8.000000000000000000e+00
particle241 2.425953948465800920e+02 4.104391752760885765e+02 1.693904815200360847e+00 -5.015912798054980470e+00 8.000000000000000000e+00
particle242 5.476667141086726360e+02 3.152509918023766886e+02 -5.080005479642668575e+00 6.847340434848890600e-02 8.000000000000000000e+00
particle243 2.181695952524158315e+02 4.311804130009627443e+02 1.181001727942056378e+00 5.928282061650818058e-01 8.000000000000000000e+00
particle244 6.727604392129401845e+01 3.856874064754940719e+02 3.359047097897704948e+00 1.549458524725661590e+00 8.000000000000000000e+00
particle245 1.856227105070005052e+02 4.939807040411217827e+02 -1.189543418132842589e+00 1.043473716600219259e+00 8.000000000000000000e+00
particle246 4.937535527078154729e+01 4.959672307011633734e+02 1.325754085387010228e+00 -1.180297905838808248e+01 8.000000000000000000e+00
particle247 3.858892887566476020e+02 3.851014433597900961e+02 1.052673874570441370e+00 2.588048243808249160e-01 8.000000000000000000e+00
particle248 4.934574154200834641e+02 4.277038351934682510e+02 6.135090037138903440e+00 -6.279687154228459356e-01 8.000000000000000000e+00
particle249 2.843057244118633093e+02 3.959332035224963988e+02 8.637947675817447823e-01 -1.222024401799013615e+00 8.000000000000000000e+00
particle250 1.117268401369673541e+02 5.152230850735911645e+02 7.015597616817725424e+00 -1.457831190055909054e-01 8.000000000000000000e+00
particle251 2.847168973152981835e+02 3.621994933790376194e+02 8.465372247839568765e-01 2.869391036562509920e-02 8.000000000000000000e+00
particle252 7.619880901207258717e+01 5.801005492009500131e+02 -1.071127780015871167e+01 1.327368323457891020e+00 8.000000000000000000e+00
particle253 7.010049927876139009e+01 4.015559408825043874e+02 7.469309471949975965e+00 4.473648080249985171e+00 8.000000000000000000e+00
particle254 4.353113292564361814e+02 4.468769249841389524e+02 1.267028796449517491e+00 -2.710457864282008522e+00 8.000000000000000000e+00
particle255 1.830999310366148904e+02 3.583455114096437910e+02 5.665529566631748892e+00 -9.441617633259897779e-01 8.000000000000000000e+00
particle256 5.064594096770332499e+01 4.140478581076348519e+02 2.981975046639663951e+00 -1.233532475012856455e+00 8.000000000000000000e+00
particle257 9.061924284033167964e+00 5.406516317091522978e+02 1.878027267411394696e+00 -1.161969684403269554e+01 8.000000000000000000e+00
particle258 1.119634924463750849e+02 3.661137003578659233e+02 -4.885313495129546268e-01 8.039411509326964023e+00 8.000000000000000000e+00
particle259 5.748020118744567526e+02 3.929604914954346100e+02 -5.532359613453015967e+00 -2.146292255382438618e+00 8.000000000000000000e+00
particle260 6.513678704569238107e+02 3.502175897977016348e+02 -1.722753965708976409e+01 -7.585037484770040805e-01 8.000000000000000000e+00
particle261 1.846072933626118697e+02 4.547749820193798769e+02 2.331789222473203527e+00 2.568802174757069956e-01 8.000000000000000000e+00
particle262 5.115564422984233488e+02 4.069997029989647785e+02 -7.821461189595165564e+00 -9.981412112560759161e-04 8.000000000000000000e+00
particle263 4.084829628970912268e+02 4.196655579303414925e+02 -2.549565715235501795e+00 -6.568473038442694367e+00 8.000000000000000000e+00
particle264 2.211017567669206301e+02 4.901602567073916816e+02 -2.331483656293671103e-01 -2.967106465883746047e+00 8.000000000000000000e+00
particle265 7.900282511500546434e+01 4.149574054940189853e+02 -4.511823863715783922e+00 7.775299645012025529e+00 8.000000000000000000e+00
particle266 3.424531624727863459e+02 3.641959564299273211e+02 1.050149782735704029e+00 9.179820391984348404e+00 8.000000000000000000e+00
particle267 7.374568424241458331e+01 4.645800629993300959e+02 1.425941156836839196e+00 1.066125969544438057e+01 8.000000000000000000e+00
particle268 5.147697385643687085e+02 5.225893345421382037e+02 -1.064292230481364898e+00 -2.481424576244597002e+00 8.000000000000000000e+00
particle269 5.423570790760102227e+02 5.199161369685709815e+02 -4.382986009079534284e+00 3.087211139030450122e-02 8.000000000000000000e+00
particle270 3.634545773907576063e+02 4.258724916185881852e+02 1.830943727043753966e-01 1.225036269669662170e+00 8.000000000000000000e+00
particle271 4.166044596004575169e+02 4.777486807306376022e+02 -5.607418042788038015e+00 -7.064433374158086032e+00 8.000000000000000000e+00
particle272 2.643044547100824389e+02 4.445622353556518078e+02 3.758034245037022103e+00 2.590025437208137937e+00 8.000000000000000000e+00
particle273 5.345557497656047730e+01 6.138427431482142538e+02 -1.209023934373898435e+01 -2.647841868090087813e-01 8.000000000000000000e+00
particle274 2.981627368243763385e+02 3.854558850241641608e+02 -1.374031258207933259e+00 -2.926600440389556024e+00 8.000000000000000000e+00
particle275 4.499937185804556634e+02 3.582332241129024624e+02 1.378008914075341540e+00 -1.590008129118173574e+00 8.000000000000000000e+00
particle276 9.002426102685120668e+01 5.658432612284422021e+02 -1.156633000972762559e+00 -1.696030944503578652e+01 8.000000000000000000e+00
particle277 5.832221241860436294e+02 5.325514795824811927e+02 -3.939395453207941600e+00 -1.539368645473783992e-01 8.000000000000000000e+00
particle278 3.008630913501020245e+02 4.159300690071539748e+02 8.206138707620524997e+00 -4.970629294139292220e+00 8.000000000000000000e+00
particle279 3.548193347946186691e+02 4.463909539278827765e+02 5.157773999645256957e+00 4.223467500520783346e+00 8.000000000000000000e+00
particle280 1.375894972169144808e+02 5.445941012432342632e+02 -3.343745478404880789e+00 -3.078972837511566141e+00 8.000000000000000000e+00
particle281 3.336931551269735223e+02 4.477761813840724585e+02 7.842028572270938191e-01 8.956984917071926233e-01 8.000000000000000000e+00
particle282 6.115974395918392474e+02 4.053080178072539752e+02 8.861137320602706424e+00 -3.624398572854811817e+00 8.000000000000000000e+00
particle283 4.599248854579811905e+02 4.633768717485663160e+02 1.694116897552897516e+00 7.152913405151818615e+00 8.000000000000000000e+00
particle284 3.057046302452994979e+01 5.975707658609085229e+02 -1.086329389259841127e+00 -1.057721636939847620e+01 8.000000000000000000e+00
particle285 4.710418332224360825e+02 5.897412601931092695e+02 -4.263448211884130146e+00 -7.525098917731987136e-01 8.000000000000000000e+00
particle286 1.532644032855195064e+02 4.880639049687213742e+02 -3.275066730772944190e+00 1.732596057106644327e+00 8.000000000000000000e+00
particle287 3.308566677850699875e+02 4.229107807355982231e+02 -2.654717696445935804e+00 1.742227397614612094e+00 8.000000000000000000e+00
particle288 3.910809288884916555e+02 4.248445779000172138e+02 5.918098452854625435e-01 9.911990182654209391e+00 8.000000000000000000e+00
particle289 3.054304933614537845e+02 5.567790903860678782e+02 1.267075700440131847e+00 -1.756454424173181206e+00 8.000000000000000000e+00
particle290 6.438550380219026010e+02 6.407052714040365800e+02 3.793776553368878979e+00 -9.119712256723911281e+00 8.000000000000000000e+00
particle291 9.909326089711184693e+01 6.013269546113209572e+02 -6.043690823701379777e+00 -5.208197683581721193e+00 8.000000000000000000e+00
particle292 1.720443302460194559e+02 5.532763224704675622e+02 1.826321580022856050e+00 -3.289762351095641080e+00 8.000000000000000000e+00
particle293 3.582147643248746931e+02 3.947064200277506529e+02 -3.850548556044621762e-01 -1.266855007567934788e+00 8.000000000000000000e+00
particle294 3.106269860281797719e+02 5.075672497003673698e+02 3.348439265861766323e+00 -5.556866876365865515e+00 8.000000000000000000e+00
particle295 3.539558610192108290e+02 5.229970008395730474e+02 8.025558184213406054e-01 -4.124744271633025150e-01 8.000000000000000000e+00
particle296 1.111641186603785627e+02 6.260490223528893239e+02 5.713567567486554921e+00 -6.637497314557717409e+00 8.000000000000000000e+00
particle297 2.257994406772859861e+02 5.955606345999630094e+02 -6.560947645086555369e+00 -1.895448198545100826e+00 8.000000000000000000e+00
particle298 1.800242660251473410e+02 5.136087103305512755e+02 3.543470135303586233e+00 -2.193923947963027032e+00 8.000000000000000000e+00
particle299 5.970100514140859786e+02 5.051142321245891935e+02 1.972551503182231158e+00 -1.156563142163811619e+01 8.000000000000000000e+00
particle300 3.530894481588464373e+02 4.780468126733471763e+02 1.271026585881242355e+01 1.749572672522694106e+00 8.000000000000000000e+00
particle301 1.045006006627941133e+02 6.484387989216114647e+02 -3.185355508312120332e+00 -5.190986844490744545e+00 8.000000000000000000e+00
particle302 2.513637940915266711e+02 5.126298538946140297e+02 8.629891246022944884e+00 4.051163052464968217e+00 8.000000000000000000e+00
particle303 1.884462907384856862e+02 5.400851926602285857e+02 4.584798517279104146e+00 -4.199177906296593932e-01 8.000000000000000000e+00
particle304 1.546132945808327577e+02 5.895127668967563750e+02 5.251352901426373343e+00 3.442445139216329775e+00 8.000000000000000000e+00
particle305 2.289884625904436461e+02 5.768500954652436121e+02 -3.572383716216204430e+00 1.419434987431681172e+00 8.000000000000000000e+00
particle306 5.763830014667021260e+02 5.820295344456452540e+02 8.141947273855596023e+00 -2.666663955439515732e+00 8.000000000000000000e+00
particle307 3.102495139358878760e+02 5.874253547705820893e+02 5.433011374995651011e-01 1.297279833610479827e+00 8.000000000000000000e+00
particle308 3.273183587186907175e+02 5.530013258379781291e+02 -1.650588276183156955e+00 -4.367270440541574317e+00 8.000000000000000000e+00
particle309 6.187543318910138623e+02 5.241202716006548599e+02 -7.174617148381407183e+00 -8.918849525250092114e+00 8.000000000000000000e+00
particle310 2.640636279853258088e+02 5.282502508825717769e+02 4.395338006519555307e+00 -2.475777607669956970e-01 8.000000000000000000e+00
particle311 2.672000989046188124e+02 6.358143919714689218e+02 5.183426470690568166e+00 -7.723167909705674905e-01 8.000000000000000000e+00
particle312 6.189420691351303958e+02 4.410647198425377269e+02 -6.940980020550013840e+00 6.495977798880812060e+00 8.000000000000000000e+00
particle313 6.634418250535430843e+02 4.558208721784673116e+02 -1.008476427324840108e+00 -2.270167035713670067e+00 8.000000000000000000e+00
particle314 2.242858700222769528e+02 6.253455520398936187e+02 3.625671783629912159e+00 -3.158418996253500172e-02 8.000000000000000000e+00
particle315 2.965708472750188207e+02 5.364762694383471171e+02 -1.014956852752515903e+00 5.721083646228398933e+00 8.000000000000000000e+00
particle316 6.011655939386995442e+02 4.591759329233522067e+02 -3.632112583380343818e+00 -4.593858693459264231e+00 8.000000000000000000e+00
particle317 1.532128108151472361e+02 6.112930776836578843e+02 9.739145733142786199e+00 -3.023713387602785296e+00 8.000000000000000000e+00
particle318 5.816596747073057259e+02 4.240796705857429743e+02 -3.868356877480468192e+00 6.110054079616713985e+00 8.000000000000000000e+00
particle319 4.910139665196080614e+02 5.423502048462084986e+02 -4.821433318029696991e-01 -5.562509209395777532e+00 8.000000000000000000e+00
particle320 5.680386357928712187e+02 4.753508209138421989e+02 -4.255950356722539712e-02 2.824898262934362747e-01 8.000000000000000000e+00
particle321 3.282991591783062972e+02 4.873546106546857573e+02 -2.266690809095956993e-01 3.414635864942290766e+00 8.000000000000000000e+00
particle322 2.447478255531149500e+02 5.831326052541995750e+02 4.629965792055069862e+00 3.758510791668273399e+00 8.000000000000000000e+00
particle323 7.193849039900828757e+01 6.329281892483088541e+02 -4.339392114406000367e+00 -1.052407011587623664e+01 8.000000000000000000e+00
particle324 4.905439192866036251e+02 4.561900909316648267e+02 3.053526882974180179e+00 -7.323680510405315758e+00 8.000000000000000000e+00
particle325 5.104935394041565928e+02 5.808678545543393739e+02 -2.148786087948746093e-01 -8.649338450043646986e+00 8.000000000000000000e+00
particle326 4.042689370881228115e+02 5.965370584275588044e+02 -1.338281419400261907e+00 1.506547848294749414e+00 8.000000000000000000e+00
particle327 3.825095633118295950e+02 6.537730266772375671e+02 -6.965489748788180613e+00 -3.192372588971347902e+00 8.000000000000000000e+00
particle328 1.853797631300247701e+02 5.745262952956447862e+02 6.589265961676634475e+00 7.079803130314217263e-01 8.000000000000000000e+00
particle329 2.300128655197856347e+02 5.456710401430858610e+02 7.537817013559926060e+00 -1.252178318756524966e-01 8.000000000000000000e+00
particle330 3.726973819836040889e+02 5.570874887078056190e+02 1.504672892781716342e+00 -8.570143802047683224e+00 8.000000000000000000e+00
particle331 5.054175930436608155e+02 5.033043147361951242e+02 -6.788581258377407224e+00 2.045189328684122287e+00 8.000000000000000000e+00
particle332 4.423757097774910108e+02 4.837128758462523024e+02 2.033111181767062181e+00 6.715096666099540812e+00 8.000000000000000000e+00
particle333 4.840511143956250635e+02 3.505906153626860942e+02 -3.381034878543576205e+00 5.858539458260439758e+00 8.000000000000000000e+00
particle334 3.650226596255149047e+02 6.334010565143620397e+02 -4.089817793890936914e-01 -8.015014723511898254e+00 8.000000000000000000e+00
particle335 1.486418923159016572e+02 6.532930659184547721e+02 5.320796843296982992e+00 8.703919832939234880e+00 8.000000000000000000e+00
particle336 1.015209568112145604e+02 5.841154517888634246e+02 1.564529895780153801e+01 3.332875697369520385e+00 8.000000000000000000e+00
particle337 2.223593302583552997e+02 6.459770317593613527e+02 3.779454482218271405e+00 -4.091157432405903016e+00 8.000000000000000000e+00
particle338 4.748104198248821604e+02 5.467305536500581411e+02 1.852313588795672095e+00 -5.336836540433719911e+00 8.000000000000000000e+00
particle339 3.787389323989689274e+02 5.392602694106366243e+02 8.185746661374755817e+00 -1.066383892952479595e+00 8.000000000000000000e+00
particle340 3.879359772998075755e+02 4.875005424217184213e+02 -2.859027940937307832e+00 -5.082116282775811733e+00 8.000000000000000000e+00
particle341 4.338273303524605922e+02 5.322795179271539610e+02 1.001141471745561162e+01 -8.286298861364138624e-01 8.000000000000000000e+00
particle342 3.040570455889410937e+02 6.289614137323710565e+02 2.103891075005420497e+00 1.198683898823365901e+00 8.000000000000000000e+00
particle343 3.707661100516756960e+02 5.818953698846586349e+02 2.511562076766108653e+00 1.634115795639289104e+00 8.000000000000000000e+00
particle344 5.672164720635097410e+02 5.582669591537088536e+02 3.470174491667771477e+00 -8.271270732698720707e+00 8.000000000000000000e+00
particle345 5.536512066132512473e+02 6.090932361387203855e+02 -8.599294035475139708e+00 1.533652822174457420e+00 8.000000000000000000e+00
particle346 5.749558275298410308e+02 5.159083035623042406e+02 -1.431242795533912981e-01 7.967181555696646988e+00 8.000000000000000000e+00
particle347 3.253390747374031093e+02 6.681678965301715607e+02 2.253153713901812072e+00 -3.821575501960713606e+00 8.000000000000000000e+00
particle348 4.252197244960113380e+02 6.029480262281143723e+02 -1.747121524460791164e+00 -8.345269131035056631e+00 8.000000000000000000e+00
particle349 4.593238809172574406e+02 5.301771778918468954e+02 -4.612139617850238849e-01 2.468796848366224150e+00 8.000000000000000000e+00
particle350 6.238145188465566662e+02 4.654743881433170145e+02 -5.072247482396417873e+00 5.971045507695393439e+00 8.000000000000000000e+00
particle351 2.957758776506272511e+02 6.063100307577856256e+02 3.948368117679735168e+00 -3.258575179989306125e+00 8.000000000000000000e+00
particle352 4.146983438216475406e+02 6.219422682888191503e+02 2.329913498127184734e+00 7.900318686802359380e+00 8.000000000000000000e+00
particle353 5.560806194818294443e+02 5.079534318616679798e+02 1.137677195412028475e+01 -4.624197224969839759e+00 8.000000000000000000e+00
particle354 1.930622825361801063e+02 6.500176749216572034e+02 1.545795690406404077e+00 8.321714224649106484e+00 8.000000000000000000e+00
particle355 4.423859970721675268e+02 6.360108255342345274e+02 9.662422995132140535e-01 3.085104976169272817e+00 8.000000000000000000e+00
particle356 4.575453891676284570e+02 5.590076998938823181e+02 1.238786385098120224e+00 4.117570725694012168e+00 8.000000000000000000e+00
particle357 5.811716226182355740e+02 6.192485370590291041e+02 -9.778895515608444500e-01 5.329364358809931090e+00 8.000000000000000000e+00
particle358 5.035118904737842627e+02 6.531883364517598238e+02 1.051706224847518967e-01 4.215368700824949855e+00 8.000000000000000000e+00
particle359 6.156017638417856688e+02 6.593712771505859109e+02 7.686485941205514649e+00 -2.190511879797301553e+00 8.000000000000000000e+00
particle360 7.677664057481106852e+01 6.080675256826457371e+02 6.559523638838914650e+00 6.997073706945290184e+00 8.000000000000000000e+00
particle361 4.698791650661115114e+02 6.196887350526939144e+02 3.748489025167420219e-02 -2.649281079218578916e-01 8.000000000000000000e+00
particle362 3.434876466192059752e+02 6.600907534717827048e+02 6.555498666328100299e+00 -2.235285087531401871e+00 8.000000000000000000e+00
particle363 5.609815700597722525e+02 6.634058698044450466e+02 9.615032616464576520e+00 -4.942795427427822297e+00 8.000000000000000000e+00
particle364 4.599111596148425747e+02 6.649402692741250576e+02 1.969377813169045921e-01 5.790611120252365573e+00 8.000000000000000000e+00
particle365 5.158839364012178521e+02 6.395831174608898664e+02 -5.544877228186471108e-01 -2.939671032064419265e-01 8.000000000000000000e+00
particle366 6.579873797407602751e+02 5.236282397960401340e+02 -5.320384081544204946e+00 -4.348383882164556624e+00 8.000000000000000000e+00
particle367 3.193864542233215502e+02 6.523484330726878397e+02 -1.399852157440247602e+00 -2.250433787137001040e+00 8.000000000000000000e+00
particle368 2.068938149341666417e+02 6.633420369657098945e+02 5.165874502977350957e+00 3.333756253129712466e+00 8.000000000000000000e+00
particle369 5.488694024921462642e+02 5.834179732412727617e+02 -2.244923020512464173e+00 1.151539155693930006e-01 8.000000000000000000e+00
particle370 4.243655668874154117e+02 6.585323460042918668e+02 -3.929734533460140788e-01 -5.252848431698581066e+00 8.000000000000000000e+00
particle371 2.276692371499132435e+02 6.627401512814907392e+02 6.877495485542532094e+00 -5.456108691898273300e+00 8.000000000000000000e+00
particle372 3.669821012126429878e+02 6.659594039434355182e+02 2.614177285899200065e+00 2.819936304861089038e+00 8.000000000000000000e+00
